Normal Statistics
Numeric Features:
                   count          mean           std   min            25%            50%           75%           max
dur               2185.0  5.079931e-01  2.335150e+00   0.0       0.003815       0.025489  2.808310e-01  5.000436e+01
sbytes            2185.0  4.416818e+03  8.168925e+03  46.0     506.000000    2048.000000  3.728000e+03  3.812000e+04
dbytes            2185.0  4.148246e+04  1.641443e+05   0.0     304.000000    3276.000000  2.183400e+04  1.641360e+06
spkts             2185.0  3.801922e+01  6.383150e+01   1.0       4.000000      16.000000  5.000000e+01  6.520000e+02
dpkts             2185.0  4.929062e+01  1.211999e+02   0.0       4.000000      18.000000  4.600000e+01  1.278000e+03
sload             2185.0  5.829763e+06  4.850476e+07   0.0  106590.859400  539979.250000  1.031647e+06  1.056000e+09
dload             2185.0  3.028177e+06  4.434884e+06   0.0  104323.031300  681992.312500  3.904081e+06  1.718088e+07
smeansz           2185.0  1.320055e+02  1.620223e+02  43.0      62.000000      73.000000  1.310000e+02  8.880000e+02
dmeansz           2185.0  3.366174e+02  3.354837e+02   0.0      82.000000     121.000000  5.650000e+02  1.461000e+03
sttl              2185.0  3.395973e+01  2.493016e+01   0.0      31.000000      31.000000  3.100000e+01  2.540000e+02
tcprtt            2185.0  2.764256e-03  3.262251e-02   0.0       0.000000       0.000644  7.060000e-04  1.129181e+00
synack            2185.0  1.626679e-03  2.058899e-02   0.0       0.000000       0.000509  5.580000e-04  8.189960e-01
ackdat            2185.0  1.137577e-03  1.436601e-02   0.0       0.000000       0.000127  1.430000e-04  3.408030e-01
ct_srv_src        2185.0  5.284211e+00  4.516479e+00   1.0       2.000000       4.000000  7.000000e+00  4.900000e+01
ct_srv_dst        2185.0  5.027460e+00  4.287747e+00   1.0       2.000000       4.000000  7.000000e+00  4.900000e+01
ct_dst_ltm        2185.0  3.609611e+00  2.845052e+00   1.0       2.000000       3.000000  5.000000e+00  4.600000e+01
ct_src_ltm        2185.0  4.078261e+00  3.101578e+00   1.0       2.000000       3.000000  5.000000e+00  4.600000e+01
ct_src_dport_ltm  2185.0  1.481007e+00  2.107403e+00   1.0       1.000000       1.000000  1.000000e+00  4.600000e+01
ct_dst_sport_ltm  2185.0  1.153318e+00  1.302231e+00   1.0       1.000000       1.000000  1.000000e+00  2.600000e+01
ct_dst_src_ltm    2185.0  2.367506e+00  2.936281e+00   1.0       1.000000       2.000000  3.000000e+00  4.900000e+01
trans_depth       2185.0  9.610984e-02  2.978993e-01   0.0       0.000000       0.000000  0.000000e+00  2.000000e+00
res_bdy_len       2185.0  5.309391e+03  5.114599e+04   0.0       0.000000       0.000000  0.000000e+00  5.242880e+05
ct_flw_http_mthd  2185.0  1.139588e-01  4.562470e-01   0.0       0.000000       0.000000  0.000000e+00  6.000000e+00
dttl              2185.0  3.004211e+01  1.957137e+01   0.0      29.000000      29.000000  2.900000e+01  2.520000e+02
is_ftp_login      2185.0  2.151030e-02  1.451111e-01   0.0       0.000000       0.000000  0.000000e+00  1.000000e+00
is_sm_ips_ports   2185.0  1.372998e-03  3.703701e-02   0.0       0.000000       0.000000  0.000000e+00  1.000000e+00

Categorical Features:

state:
state
FIN    1526
CON     617
INT      36
REQ       5
RST       1

service:
service
unknown     1222
dns          418
http         209
ftp-data     134
smtp          95
ssh           56
ftp           51

proto:
proto
tcp     1542
udp      632
arp       10
ospf       1


 Analysis Statistics
Numeric Features:
                   count          mean           std   min           25%           50%           75%           max
dur               2185.0  1.323291e+00  6.969949e+00   0.0      0.000005  9.000000e-06  3.919320e-01  5.993239e+01
sbytes            2185.0  9.268494e+02  9.458843e+03  60.0    200.000000  2.000000e+02  3.600000e+02  2.485620e+05
dbytes            2185.0  2.657822e+02  5.917726e+02   0.0      0.000000  0.000000e+00  0.000000e+00  1.438400e+04
spkts             2185.0  5.368879e+00  1.324337e+01   1.0      2.000000  2.000000e+00  4.000000e+00  2.500000e+02
dpkts             2185.0  1.915789e+00  3.828782e+00   0.0      0.000000  0.000000e+00  0.000000e+00  2.400000e+01
sload             2185.0  1.243946e+08  1.455872e+08   0.0  15845.958010  8.888889e+07  1.600000e+08  8.000000e+08
dload             2185.0  2.274274e+03  5.510366e+03   0.0      0.000000  0.000000e+00  0.000000e+00  1.179457e+05
smeansz           2185.0  9.933593e+01  4.325802e+01  39.0     90.000000  1.000000e+02  1.000000e+02  9.940000e+02
dmeansz           2185.0  2.976979e+01  5.984912e+01   0.0      0.000000  0.000000e+00  0.000000e+00  7.990000e+02
sttl              2185.0  2.142847e+02  7.792584e+01   0.0    254.000000  2.540000e+02  2.540000e+02  2.540000e+02
tcprtt            2185.0  3.317741e-02  6.926041e-02   0.0      0.000000  0.000000e+00  0.000000e+00  3.810860e-01
synack            2185.0  1.766909e-02  3.777646e-02   0.0      0.000000  0.000000e+00  0.000000e+00  2.936730e-01
ackdat            2185.0  1.550832e-02  3.363071e-02   0.0      0.000000  0.000000e+00  0.000000e+00  2.207840e-01
ct_srv_src        2185.0  5.691076e+00  3.856069e+00   1.0      3.000000  5.000000e+00  7.000000e+00  2.300000e+01
ct_srv_dst        2185.0  5.556064e+00  3.600047e+00   1.0      3.000000  5.000000e+00  7.000000e+00  1.800000e+01
ct_dst_ltm        2185.0  2.777117e+00  2.390884e+00   1.0      1.000000  2.000000e+00  3.000000e+00  1.900000e+01
ct_src_ltm        2185.0  4.639817e+00  5.165553e+00   1.0      2.000000  3.000000e+00  5.000000e+00  4.200000e+01
ct_src_dport_ltm  2185.0  2.404119e+00  1.787236e+00   1.0      1.000000  2.000000e+00  3.000000e+00  1.400000e+01
ct_dst_sport_ltm  2185.0  2.351030e+00  1.786672e+00   1.0      1.000000  2.000000e+00  3.000000e+00  1.400000e+01
ct_dst_src_ltm    2185.0  5.013730e+00  3.519151e+00   1.0      3.000000  4.000000e+00  6.000000e+00  6.300000e+01
trans_depth       2185.0  1.789474e-01  3.833960e-01   0.0      0.000000  0.000000e+00  0.000000e+00  1.000000e+00
res_bdy_len       2185.0  3.487597e+01  1.571964e+02   0.0      0.000000  0.000000e+00  0.000000e+00  6.581000e+03
ct_flw_http_mthd  2185.0  5.748284e-01  2.498169e+00   0.0      0.000000  0.000000e+00  0.000000e+00  3.000000e+01
dttl              2185.0  5.281098e+01  1.023816e+02   0.0      0.000000  0.000000e+00  0.000000e+00  2.520000e+02
is_ftp_login      2185.0  0.000000e+00  0.000000e+00   0.0      0.000000  0.000000e+00  0.000000e+00  0.000000e+00
is_sm_ips_ports   2185.0  0.000000e+00  0.000000e+00   0.0      0.000000  0.000000e+00  0.000000e+00  0.000000e+00

Categorical Features:

state:
state
INT    1701
FIN     455
REQ      20
CON       9

service:
service
unknown    1787
http        392
smtp          6

proto:
proto
unas           728
tcp            456
ospf            71
sctp            24
any             21
rsvp            14
gre             12
leaf-2           8
secure-vmtp      8
vmtp             8
mobile           8
swipe            8
pim              8
ipv6             8
snp              8
sep              8
sun-nd           8
nvp              8
emcon            8
sm               7
mtp              7
pri-enc          7
etherip          7
encap            7
sps              7
aes-sp3-d        7
micp             7
ipip             7
ax.25            7
iplt             7
larp             7
uti              7
sprite-rpc       7
eigrp            7
tcf              7
dgp              7
nsfnet-igp       7
ttp              7
vines            7
fc               7
ib               7
iso-ip           7
gmtp             7
pipe             7
sccopmce         7
ipx-n-ip         7
smp              7
stp              7
srp              7
ptp              7
l2tp             7
ddx              7
iatp             7
pgm              7
zero             7
vrrp             7
crtp             7
pnni             7
ipcomp           7
compaq-peer      7
isis             7
wb-expak         7
a/n              7
fire             7
qnx              7
aris             7
ifmp             7
crudp            7
scps             7
ipnip            7
wb-mon           7
prm              7
idpr             7
3pc              7
merit-inp        7
mfe-nsp          7
netblt           7
iso-tp4          7
rdp              7
irtp             7
leaf-1           7
trunk-2          7
xns-idp          7
trunk-1          7
dcn              7
br-sat-mon       7
mux              7
hmp              7
pup              7
chaos            7
bbn-rcc          7
argus            7
xnet             7
igp              7
cbt              7
egp              7
st2              7
ggp              7
xtp              7
tp++             7
ddp              7
idpr-cmtp        7
pvp              7
wsn              7
ip               7
cpnx             7
visa             7
ipcv             7
sat-mon          7
ippc             7
rvd              7
sat-expak        7
kryptolan        7
cftp             7
ipv6-opts        7
skip             7
tlsp             7
ipv6-no          7
narp             7
i-nlsp           7
bna              7
mhrp             7
ipv6-route       7
sdrp             7
ipv6-frag        7
idrp             7
il               7
cphb             7