Normal Statistics
Numeric Features:
                   count          mean           std   min            25%            50%           75%           max
dur               1511.0  5.254620e-01  2.592044e+00   0.0       0.003705       0.024997  2.251005e-01  5.000436e+01
sbytes            1511.0  4.373667e+03  8.182734e+03  46.0     505.000000    2048.000000  3.728000e+03  3.812000e+04
dbytes            1511.0  3.991098e+04  1.578085e+05   0.0     304.000000    3276.000000  2.228000e+04  1.641360e+06
spkts             1511.0  3.697684e+01  5.999780e+01   1.0       4.000000      16.000000  5.000000e+01  6.520000e+02
dpkts             1511.0  4.749901e+01  1.147624e+02   0.0       4.000000      18.000000  4.800000e+01  1.278000e+03
sload             1511.0  5.761776e+06  4.939409e+07   0.0  119205.789050  543255.812500  1.093109e+06  1.056000e+09
dload             1511.0  3.055858e+06  4.416781e+06   0.0  137399.554700  689254.625000  3.940427e+06  1.718088e+07
smeansz           1511.0  1.314289e+02  1.611258e+02  43.0      62.000000      73.000000  1.300000e+02  8.750000e+02
dmeansz           1511.0  3.392760e+02  3.364247e+02   0.0      82.000000     123.000000  5.650000e+02  1.461000e+03
sttl              1511.0  3.381999e+01  2.453719e+01   0.0      31.000000      31.000000  3.100000e+01  2.540000e+02
tcprtt            1511.0  2.842882e-03  3.526067e-02   0.0       0.000000       0.000648  7.080000e-04  1.129181e+00
synack            1511.0  1.839014e-03  2.421218e-02   0.0       0.000000       0.000511  5.590000e-04  8.189960e-01
ackdat            1511.0  1.003868e-03  1.177438e-02   0.0       0.000000       0.000128  1.430000e-04  3.101850e-01
ct_srv_src        1511.0  5.407015e+00  4.648484e+00   1.0       2.000000       4.000000  8.000000e+00  4.900000e+01
ct_srv_dst        1511.0  5.077432e+00  4.425239e+00   1.0       2.000000       4.000000  7.000000e+00  4.900000e+01
ct_dst_ltm        1511.0  3.624752e+00  2.992732e+00   1.0       2.000000       3.000000  5.000000e+00  4.600000e+01
ct_src_ltm        1511.0  4.117803e+00  3.193851e+00   1.0       2.000000       3.000000  5.000000e+00  4.600000e+01
ct_src_dport_ltm  1511.0  1.491727e+00  2.253422e+00   1.0       1.000000       1.000000  1.000000e+00  4.600000e+01
ct_dst_sport_ltm  1511.0  1.158835e+00  1.372840e+00   1.0       1.000000       1.000000  1.000000e+00  2.600000e+01
ct_dst_src_ltm    1511.0  2.362012e+00  3.036530e+00   1.0       1.000000       2.000000  3.000000e+00  4.900000e+01
trans_depth       1511.0  9.199206e-02  2.936560e-01   0.0       0.000000       0.000000  0.000000e+00  2.000000e+00
res_bdy_len       1511.0  6.156739e+03  5.529675e+04   0.0       0.000000       0.000000  0.000000e+00  5.242880e+05
ct_flw_http_mthd  1511.0  1.105228e-01  4.664525e-01   0.0       0.000000       0.000000  0.000000e+00  6.000000e+00
dttl              1511.0  2.999669e+01  1.954592e+01   0.0      29.000000      29.000000  2.900000e+01  2.520000e+02
is_ftp_login      1511.0  2.051621e-02  1.418048e-01   0.0       0.000000       0.000000  0.000000e+00  1.000000e+00
is_sm_ips_ports   1511.0  1.985440e-03  4.452876e-02   0.0       0.000000       0.000000  0.000000e+00  1.000000e+00

Categorical Features:

state:
state
FIN    1053
CON     428
INT      27
REQ       2
RST       1

service:
service
unknown     858
dns         287
http        135
ftp-data     94
smtp         69
ssh          35
ftp          33

proto:
proto
tcp     1061
udp      440
arp        9
ospf       1


 Shellcode Statistics
Numeric Features:
                   count          mean           std         min           25%           50%           75%           max
dur               1511.0  3.628556e-01  8.327877e-01    0.000001      0.000008  3.200000e-05  4.750820e-01  1.315429e+01
sbytes            1511.0  5.328352e+02  3.101025e+02  102.000000    249.000000  5.360000e+02  6.930000e+02  1.862000e+03
dbytes            1511.0  1.463997e+02  1.503363e+02    0.000000      0.000000  0.000000e+00  2.680000e+02  3.540000e+02
spkts             1511.0  5.964924e+00  3.997610e+00    2.000000      2.000000  2.000000e+00  1.000000e+01  1.000000e+01
dpkts             1511.0  3.289212e+00  3.382132e+00    0.000000      0.000000  0.000000e+00  6.000000e+00  8.000000e+00
sload             1511.0  1.304651e+08  2.517103e+08  274.891357  10453.043455  3.138462e+07  1.562222e+08  2.976000e+09
dload             1511.0  2.374147e+03  3.066068e+03    0.000000      0.000000  0.000000e+00  4.153509e+03  1.164794e+04
smeansz           1511.0  1.227399e+02  1.023091e+02   46.000000     62.000000  8.700000e+01  1.280000e+02  7.370000e+02
dmeansz           1511.0  2.218134e+01  2.235343e+01    0.000000      0.000000  0.000000e+00  4.500000e+01  4.800000e+01
sttl              1511.0  2.540000e+02  0.000000e+00  254.000000    254.000000  2.540000e+02  2.540000e+02  2.540000e+02
tcprtt            1511.0  6.177922e-02  7.760934e-02    0.000000      0.000000  0.000000e+00  1.123940e-01  4.577950e-01
synack            1511.0  2.944932e-02  4.126474e-02    0.000000      0.000000  0.000000e+00  5.747700e-02  2.664750e-01
ackdat            1511.0  3.232990e-02  4.034148e-02    0.000000      0.000000  0.000000e+00  5.581050e-02  2.327080e-01
ct_srv_src        1511.0  2.310390e+00  2.490436e+00    1.000000      1.000000  1.000000e+00  3.000000e+00  3.600000e+01
ct_srv_dst        1511.0  1.568498e+00  1.792305e+00    1.000000      1.000000  1.000000e+00  1.000000e+00  3.600000e+01
ct_dst_ltm        1511.0  1.585705e+00  2.938965e+00    1.000000      1.000000  1.000000e+00  1.000000e+00  4.600000e+01
ct_src_ltm        1511.0  2.342819e+00  4.296650e+00    1.000000      1.000000  1.000000e+00  2.000000e+00  4.500000e+01
ct_src_dport_ltm  1511.0  1.000000e+00  0.000000e+00    1.000000      1.000000  1.000000e+00  1.000000e+00  1.000000e+00
ct_dst_sport_ltm  1511.0  1.000000e+00  0.000000e+00    1.000000      1.000000  1.000000e+00  1.000000e+00  1.000000e+00
ct_dst_src_ltm    1511.0  1.353408e+00  2.351733e+00    1.000000      1.000000  1.000000e+00  1.000000e+00  4.600000e+01
trans_depth       1511.0  0.000000e+00  0.000000e+00    0.000000      0.000000  0.000000e+00  0.000000e+00  0.000000e+00
res_bdy_len       1511.0  0.000000e+00  0.000000e+00    0.000000      0.000000  0.000000e+00  0.000000e+00  0.000000e+00
ct_flw_http_mthd  1511.0  0.000000e+00  0.000000e+00    0.000000      0.000000  0.000000e+00  0.000000e+00  0.000000e+00
dttl              1511.0  1.250827e+02  1.260384e+02    0.000000      0.000000  0.000000e+00  2.520000e+02  2.520000e+02
is_ftp_login      1511.0  0.000000e+00  0.000000e+00    0.000000      0.000000  0.000000e+00  0.000000e+00  0.000000e+00
is_sm_ips_ports   1511.0  0.000000e+00  0.000000e+00    0.000000      0.000000  0.000000e+00  0.000000e+00  0.000000e+00

Categorical Features:

state:
state
INT    761
FIN    749
CON      1

service:
service
unknown    1511

proto:
proto
udp    761
tcp    750