Normal Statistics
Numeric Features:
                  count          mean           std   min           25%            50%           75%           max
dur               171.0  3.846560e-01  1.282667e+00   0.0      0.001839       0.027000  2.674635e-01  1.449292e+01
sbytes            171.0  4.033825e+03  7.545483e+03  73.0    412.000000    1684.000000  3.918000e+03  3.759400e+04
dbytes            171.0  3.957213e+04  1.649228e+05   0.0    286.000000    3080.000000  1.908400e+04  1.094788e+06
spkts             171.0  3.695322e+01  5.964767e+01   1.0      4.000000      16.000000  4.800000e+01  4.380000e+02
dpkts             171.0  4.784795e+01  1.178697e+02   0.0      4.000000      18.000000  4.600000e+01  8.580000e+02
sload             171.0  4.860678e+06  4.149911e+07   0.0  79327.507815  529465.062500  9.780352e+05  5.333333e+08
dload             171.0  3.058563e+06  4.585445e+06   0.0  96705.394530  678741.687500  3.939079e+06  1.704962e+07
smeansz           171.0  1.221871e+02  1.420586e+02  43.0     63.000000      73.000000  1.300000e+02  7.230000e+02
dmeansz           171.0  3.265731e+02  3.382533e+02   0.0     82.000000     123.000000  5.650000e+02  1.458000e+03
sttl              171.0  3.528070e+01  2.969517e+01   0.0     31.000000      31.000000  3.100000e+01  2.540000e+02
tcprtt            171.0  2.604947e-03  1.671213e-02   0.0      0.000000       0.000646  7.025000e-04  1.681360e-01
synack            171.0  1.453029e-03  8.964314e-03   0.0      0.000000       0.000511  5.540000e-04  9.297700e-02
ackdat            171.0  1.151918e-03  8.838867e-03   0.0      0.000000       0.000127  1.435000e-04  9.821200e-02
ct_srv_src        171.0  5.327485e+00  3.817653e+00   1.0      2.000000       4.000000  7.500000e+00  2.100000e+01
ct_srv_dst        171.0  5.052632e+00  3.625503e+00   1.0      2.000000       4.000000  7.000000e+00  1.800000e+01
ct_dst_ltm        171.0  3.461988e+00  2.357096e+00   1.0      2.000000       3.000000  4.000000e+00  1.600000e+01
ct_src_ltm        171.0  4.140351e+00  3.114134e+00   1.0      2.000000       3.000000  6.000000e+00  2.300000e+01
ct_src_dport_ltm  171.0  1.450292e+00  1.381234e+00   1.0      1.000000       1.000000  1.000000e+00  1.300000e+01
ct_dst_sport_ltm  171.0  1.087719e+00  6.023689e-01   1.0      1.000000       1.000000  1.000000e+00  7.000000e+00
ct_dst_src_ltm    171.0  2.187135e+00  1.925085e+00   1.0      1.000000       1.000000  3.000000e+00  1.600000e+01
trans_depth       171.0  9.356725e-02  3.115703e-01   0.0      0.000000       0.000000  0.000000e+00  2.000000e+00
res_bdy_len       171.0  9.429117e+03  6.900914e+04   0.0      0.000000       0.000000  0.000000e+00  5.242880e+05
ct_flw_http_mthd  171.0  1.169591e-01  5.294882e-01   0.0      0.000000       0.000000  0.000000e+00  6.000000e+00
dttl              171.0  3.094152e+01  2.473143e+01   0.0     29.000000      29.000000  2.900000e+01  2.520000e+02
is_ftp_login      171.0  1.169591e-02  1.078291e-01   0.0      0.000000       0.000000  0.000000e+00  1.000000e+00
is_sm_ips_ports   171.0  0.000000e+00  0.000000e+00   0.0      0.000000       0.000000  0.000000e+00  0.000000e+00

Categorical Features:

state:
state
FIN    116
CON     50
INT      4
RST      1

service:
service
unknown     103
dns          36
http         14
ftp-data      8
smtp          7
ftp           2
ssh           1

proto:
proto
tcp    118
udp     52
arp      1


 Worms Statistics
Numeric Features:
                  count          mean           std         min          25%           50%           75%           max
dur               171.0  1.320530e+00  2.140175e+00    0.000002     0.259811      0.552468      1.233655  1.588733e+01
sbytes            171.0  2.264099e+03  6.098097e+03   92.000000  1292.000000   1302.000000   1314.000000  7.848100e+04
dbytes            171.0  7.549236e+04  2.003955e+05    0.000000   268.000000    268.000000    354.000000  9.153020e+05
spkts             171.0  1.803509e+01  2.353218e+01    2.000000    10.000000     10.000000     10.000000  1.160000e+02
dpkts             171.0  6.181287e+01  1.495515e+02    0.000000     6.000000      6.000000      8.000000  6.980000e+02
sload             171.0  7.397380e+07  2.818681e+08  585.624023  7675.127685  16776.841800  37837.640625  1.640000e+09
dload             171.0  1.308764e+05  3.017328e+05    0.000000  2076.683838   3767.336426   7382.796387  1.178738e+06
smeansz           171.0  1.849474e+02  2.257223e+02   45.000000   102.000000    130.000000    131.000000  1.189000e+03
dmeansz           171.0  2.418187e+02  4.664850e+02    0.000000    44.000000     45.000000     45.000000  1.361000e+03
sttl              171.0  2.495088e+02  2.910496e+01   62.000000   254.000000    254.000000    254.000000  2.540000e+02
tcprtt            171.0  1.214371e-01  7.379371e-02    0.000000     0.067946      0.129705      0.164336  4.020790e-01
synack            171.0  5.942751e-02  4.027724e-02    0.000000     0.022695      0.063752      0.084616  1.960270e-01
ackdat            171.0  6.200958e-02  4.113973e-02    0.000000     0.044609      0.060297      0.082473  2.969290e-01
ct_srv_src        171.0  1.508772e+00  1.036785e+00    1.000000     1.000000      1.000000      2.000000  7.000000e+00
ct_srv_dst        171.0  1.321637e+00  1.272584e+00    1.000000     1.000000      1.000000      1.000000  1.500000e+01
ct_dst_ltm        171.0  1.409357e+00  2.071295e+00    1.000000     1.000000      1.000000      1.000000  2.700000e+01
ct_src_ltm        171.0  2.625731e+00  4.638741e+00    1.000000     1.000000      1.000000      2.000000  3.700000e+01
ct_src_dport_ltm  171.0  1.081871e+00  3.148651e-01    1.000000     1.000000      1.000000      1.000000  3.000000e+00
ct_dst_sport_ltm  171.0  1.023392e+00  1.515883e-01    1.000000     1.000000      1.000000      1.000000  2.000000e+00
ct_dst_src_ltm    171.0  1.204678e+00  8.872836e-01    1.000000     1.000000      1.000000      1.000000  8.000000e+00
trans_depth       171.0  7.426901e-01  4.384355e-01    0.000000     0.000000      1.000000      1.000000  1.000000e+00
res_bdy_len       171.0  3.259733e+04  9.203863e+04    0.000000     0.000000      0.000000      0.000000  4.433640e+05
ct_flw_http_mthd  171.0  8.421053e-01  7.142946e-01    0.000000     0.000000      1.000000      1.000000  4.000000e+00
dttl              171.0  2.210526e+02  8.295323e+01    0.000000   252.000000    252.000000    252.000000  2.520000e+02
is_ftp_login      171.0  0.000000e+00  0.000000e+00    0.000000     0.000000      0.000000      0.000000  0.000000e+00
is_sm_ips_ports   171.0  0.000000e+00  0.000000e+00    0.000000     0.000000      0.000000      0.000000  0.000000e+00

Categorical Features:

state:
state
FIN    148
INT     21
CON      2

service:
service
http       145
unknown     26

proto:
proto
tcp    150
udp     21